data/wind-global.json
{"header": {"parameterCategory": 2, "parameterNumber": 2, "lo1": 90.0, "la1": 8.0, "dx": 0.5, "dy": 0.5, "nx": 105, "ny": 45, "refTime": "2023-08-15T12:00:00Z"}, "data":
[rows 0 to 26 of 45, columns 0 to 58 of 105]
-0.29282957,0.1971704,0.22717041,0.1671704,-0.34282959,-0.7828296,-0.7928296,-0.03282959,1.9571704,0.2571704,2.9371703,4.4071703,4.9971704,5.48717,5.9271703,6.5571704,7.3471704,8.13717,8.167171,2.0471704,1.4671704,0.4471704,0.3271704,1.3371704,1.3471704,1.6771704,1.5671704,0.4671704,0.8171704,0.1671704,0.5471704,0.4671704,1.0571704,1.6871704,1.9171704,3.5571704,7.7471704,4.1771703,2.8571703,1.9471704,0.89717036,0.5671704,0.3171704,-0.81282955,-1.0728296,2.2471704,4.4471703,6.41717,7.9271703,4.75717,1.3071704,2.7071702,6.3471704,6.0771704,3.8771703,-0.01282959,1.9671704,4.7171702,5.4071703
-0.08282959,-0.03282959,0.2771704,0.2571704,-0.56282955,-0.7628296,-0.6628296,-0.67282957,-0.13282959,-0.8528296,0.5271704,3.9571702,3.9871702,4.8671703,5.39717,5.7271705,7.10717,8.55717,8.86717,5.1671705,1.7971704,1.1671704,0.8571704,1.3371704,0.08717041,0.3071704,0.3271704,0.8271704,0.8871704,0.6171704,0.05717041,0.6371704,1.9871703,0.7371704,1.5271704,8.26717,7.0571704,3.5071704,1.1071703,0.8071704,0.00717041,1.1771704,-1.4328295,1.2271703,2.5171704,1.6971704,4.2471704,4.08717,7.31717,3.6571703,-0.7328296,1.1571704,6.5171704,6.77717,5.52717,-0.25282958,1.7371703,5.0171704,7.00717
0.8671704,0.95717037,0.76717037,1.1671704,-0.44282958,-0.82282954,-0.81282955,-1.0728296,-0.47282958,-1.1728295,-1.8528296,1.5071703,3.7271702,4.4371705,4.23717,5.39717,7.23717,8.40717,9.22717,9.65717,4.4671702,1.1071703,1.0171704,1.1671704,1.2971704,1.0571704,0.8771704,1.0371704,0.89717036,0.6571704,0.6971704,0.14717041,0.1671704,1.7071704,5.7671704,7.4071703,7.79717,2.8471704,-0.2728296,0.2471704,-0.4928296,1.1271704,0.7971704,0.7371704,-0.47282958,2.5771704,2.3271704,3.2271702,7.62717,1.8871703,0.5871704,4.8271704,2.2571704,6.5771704,5.4371705,1.5071703,1.5471704,3.4171703,5.33717
2.1971703,2.4271703,2.5671704,1.7471703,2.2271705,2.3471704,2.3271704,2.5971704,2.9771702,3.4271703,3.9771702,4.6171703,4.3871703,4.29717,4.56717,4.9071703,5.3471704,5.62717,5.8471704,5.2871704,4.62717,4.4771705,4.10717,4.4371705,4.3071704,4.4671702,4.1671705,3.9671702,4.25717,4.3471704,4.87717,5.0571704,5.5771704,5.3271704,5.2271705,5.35717,5.4571705,5.5371704,5.64717,7.2071705,0.8071704,2.1071703,6.14717,6.2671704,3.6771703,5.8471704,6.4971704,3.1271703,-0.06282959,-2.2928295,-1.3128296,-0.4928296,-0.10282959,0.3171704,1.0071704,0.9071704,0.9171704,1.1571704,0.8171704
2.8871703,2.9471703,2.4071703,2.4871705,2.2571704,2.2171705,2.3571703,2.6371703,2.7671704,3.1171703,3.9071703,4.56717,4.7171702,5.00717,5.3071704,5.2471704,5.6771703,5.8071704,6.1371703,5.6571703,5.5171704,4.75717,4.9271703,4.1171703,3.9871702,3.6271703,3.8771703,4.29717,4.1471705,4.33717,4.9071703,5.33717,5.4171705,5.6771703,5.81717,5.5571704,5.6171703,5.8071704,5.3071704,5.5571704,4.3971705,4.1371703,5.1771703,5.60717,5.8871703,5.3071704,3.8671703,2.3771703,-0.67282957,-1.6328295,-1.2428296,-0.42282957,-0.20282958,0.4871704,0.5671704,0.6071704,0.4671704,0.02717041,-0.4628296
3.0971704,3.1271703,2.9971704,2.5171704,2.4371703,2.4871705,2.2671704,2.4271703,2.6371703,2.8971703,3.5171704,4.3271704,4.9271703,5.1771703,5.2171702,5.50717,6.29717,6.54717,6.68717,7.3071704,7.25717,6.9671702,6.6171703,5.8271704,4.9271703,4.4171705,4.50717,4.98717,5.0971704,5.1771703,4.4471703,4.5971704,5.2871704,5.25717,5.2271705,5.50717,5.35717,5.50717,5.2871704,5.04717,5.35717,5.0971704,5.1371703,4.9671702,4.5571704,4.25717,3.3771703,2.3871703,0.83717036,-0.3028296,-0.1628296,-0.18282959,0.01717041,0.14717041,0.3771704,0.51717037,0.10717041,-0.8928296,-2.0228295
3.1671703,3.2471704,3.0571704,2.1671703,1.8871703,1.9371704,2.5671704,3.0171704,3.5571704,3.7071702,3.5871704,3.4371703,3.5571704,4.5771704,5.0771704,5.64717,5.58717,6.5971704,6.83717,7.25717,7.7171702,7.60717,7.1971703,7.00717,6.83717,6.33717,5.5971704,5.62717,5.7471704,5.31717,5.5171704,5.2271705,5.00717,5.56717,4.7671704,5.1571703,5.04717,4.7671704,4.9671702,5.35717,5.2671704,5.00717,4.7271705,4.35717,4.08717,3.6571703,3.0471704,2.1671703,1.6171703,1.0171704,0.70717037,0.4371704,0.2671704,0.8071704,0.8771704,0.8071704,0.02717041,-0.9828296,-1.8428296
5.37717,4.4571705,3.9671702,3.4971704,2.3671703,2.7571704,2.8971703,2.9271703,3.1171703,2.9271703,3.1371703,3.4771702,3.7371702,3.5171704,4.1771703,4.9671702,5.7871704,6.2071705,6.85717,7.4671702,7.77717,8.007171,8.01717,7.9271703,7.3471704,7.06717,6.6571703,6.0371704,6.3071704,6.6571703,6.3471704,6.04717,5.91717,5.9971704,6.1871705,5.6571703,4.8871703,4.60717,4.75717,4.7871704,4.60717,4.1171703,4.29717,4.00717,3.6471703,3.4871702,3.1971703,2.7071702,1.7371703,0.9071704,0.3571704,0.047170408,-0.01282959,-0.17282958,-0.13282959,-0.07282959,-0.81282955,-1.6528295,-1.8428296
7.75717,6.9571705,6.43717,6.0971704,5.5371704,4.56717,4.5771704,4.2171702,3.8971703,4.10717,3.9471703,4.3071704,4.5771704,4.7171702,4.1871705,4.6171703,5.27717,5.87717,6.1571703,6.3471704,6.62717,6.9271703,7.3271704,7.79717,8.047171,7.5571704,7.3871703,6.7471704,6.29717,6.3271704,6.1771703,5.56717,5.0571704,5.3671703,5.5971704,5.2671704,5.3071704,4.89717,4.73717,4.6671705,4.4271703,4.1871705,4.06717,3.7771704,3.3071704,2.8571703,2.2971704,1.7971704,1.3771703,0.5071704,-0.31282958,-0.82282954,-0.93282956,-0.62282956,-0.17282958,-0.01282959,-0.47282958,-0.6028296,-0.3328296
10.46717,9.26717,8.06717,7.1571703,6.83717,6.25717,5.8271704,5.4671702,5.1671705,4.9071703,4.83717,4.9571705,5.10717,5.5371704,5.23717,4.9371705,5.2171702,5.48717,6.14717,6.56717,6.7271705,7.1171703,6.9771705,6.6571703,6.87717,7.6571703,7.85717,7.31717,6.60717,5.87717,5.77717,5.7871704,5.4771705,5.3071704,5.1971703,5.04717,4.98717,4.87717,4.5371704,4.0771704,3.9771702,3.9571702,3.6771703,3.2971704,2.8871703,2.8971703,2.4971704,1.5971704,0.4971704,-0.7328296,-1.3728296,-1.4228295,-1.5928296,-1.9328295,-1.4128295,-0.8928296,0.2571704,1.3071704,1.8271704
9.92717,10.2071705,9.97717,8.78717,7.50717,7.3671703,6.58717,6.89717,6.7171702,6.29717,6.4471703,5.8071704,5.4571705,5.87717,5.89717,5.9071703,5.4671702,5.3271704,5.54717,5.8871703,6.2171702,6.62717,6.9571705,7.00717,6.7471704,6.35717,6.43717,7.1171703,7.77717,7.3871703,6.2471704,6.08717,5.50717,5.4471703,4.9471703,4.6971703,4.9971704,4.87717,4.3471704,4.0771704,3.8871703,3.5071704,3.3871703,3.2471704,3.2071702,2.4171703,1.9671704,1.3171704,0.17717041,-0.39282957,-1.1428295,-1.8028295,-1.6528295,-1.7928295,-2.4328296,-1.6528295,-0.23282959,1.2371703,0.9671704
10.377171,10.71717,10.69717,10.55717,9.03717,7.7171702,7.35717,7.29717,7.5771704,7.6171703,7.35717,7.1971703,7.0571704,6.98717,6.9071703,6.9671702,6.4471703,6.33717,5.9071703,5.9571705,6.37717,6.1771703,6.5571704,6.87717,7.16717,7.06717,6.52717,6.4671702,6.0971704,5.4971704,6.3471704,5.73717,5.3271704,5.3671703,5.6171703,5.2671704,4.8271704,4.6671705,4.62717,4.3971705,4.04717,3.7571704,3.6071703,3.4071703,2.8971703,2.6171703,2.1171703,1.0771704,0.2871704,-0.3328296,-0.75282955,-1.5728296,-1.9028295,-0.8328296,-0.48282957,-1.3728296,-1.1028296,-0.47282958,0.5571704
1.7171704,3.4171703,-0.34282959,0.4671704,0.5471704,0.9071704,-0.10282959,-0.092829585,-0.48282957,-0.38282958,0.1971704,1.5871704,0.6471704,5.8271704,3.0271704,4.3671703,7.23717,8.01717,8.547171,9.61717,5.12717,2.0871704,1.5171704,0.3571704,0.3971704,1.0171704,1.4671704,1.4071704,1.1571704,1.2871704,0.6471704,-0.38282958,0.7271704,5.1371703,7.14717,6.6171703,6.85717,3.8571703,-0.23282959,-0.03282959,0.5871704,0.03717041,-0.17282958,0.8071704,1.5871704,3.1671703,4.3971705,5.85717,6.87717,2.6271703,4.3671703,3.2071702,0.1671704,6.02717,8.837171,7.08717,4.6771703,-0.31282958,1.6771704
4.4671702,5.64717,2.9871705,0.10717041,1.0571704,0.8171704,0.3271704,-0.44282958,0.047170408,0.6471704,0.89717036,2.1671703,2.9871705,4.6871705,7.9671702,5.2871704,5.06717,6.9671702,7.5971704,7.9971704,7.1571703,1.9671704,1.3871704,1.4471704,1.6371703,1.2371703,2.0471704,1.8071704,1.4971703,0.8571704,1.5471704,-0.22282958,1.3771703,6.4971704,7.41717,6.2471704,5.0971704,5.1971703,0.5671704,0.8471704,0.2671704,-0.7928296,-1.4528296,-1.2128296,2.8471704,4.27717,4.79717,5.4271703,6.33717,6.5371704,7.0371704,7.16717,1.6771704,0.5271704,11.34717,10.26717,4.4471703,-1.4528296,0.8471704
6.3471704,4.2671704,5.5971704,1.3771703,0.03717041,1.2771704,0.6771704,-0.01282959,0.12717041,0.02717041,0.9771704,1.4571704,3.6071703,2.0771704,5.1871705,3.8871703,1.3471704,5.3271704,5.81717,6.10717,5.3871703,5.2271705,2.9271703,4.37717,1.4871703,1.7571703,3.3671703,2.2171705,2.5971704,1.1971704,2.5671704,0.9671704,1.1671704,8.257171,7.58717,5.91717,5.0971704,4.7871704,0.7171704,-0.092829585,-0.6528296,5.77717,1.6371703,0.4671704,0.6671704,3.9471703,4.79717,5.4971704,5.9571705,6.7171702,6.8271704,8.94717,-0.4928296,0.7771704,6.4071703,9.09717,7.14717,1.7671704,2.2671704
6.08717,5.66717,5.6371703,6.02717,2.3271704,-0.05282959,1.1871704,0.01717041,-0.9128296,0.9771704,0.4571704,0.4771704,3.8471704,4.1471705,4.1171703,4.3271704,4.7071705,4.7871704,4.8671703,4.5371704,3.8171704,4.0571704,4.3871703,4.6571703,3.2971704,5.6971703,6.64717,7.06717,8.24717,5.4271703,1.0971704,0.9671704,2.1771703,6.6571703,7.4271703,7.89717,6.87717,5.6371703,0.9171704,-0.7328296,-0.34282959,5.06717,0.76717037,-0.20282958,-0.5128296,1.0171704,3.8071704,4.4171705,5.25717,5.8071704,6.9471703,8.417171,8.42717,0.08717041,1.8271704,7.2171702,3.9671702,2.5671704,4.62717
5.98717,6.00717,5.85717,6.02717,6.6371703,0.95717037,1.0571704,1.2171704,1.4971703,0.5071704,1.4571704,1.0871704,2.7871704,4.02717,3.4071703,3.9471703,3.7771704,3.9371703,3.3871703,3.4171703,4.10717,3.6571703,3.7471702,4.3071704,4.5771704,4.7871704,5.8071704,6.29717,5.7871704,4.4971704,2.0871704,5.35717,6.04717,6.83717,6.89717,7.98717,8.2071705,7.00717,3.9071703,0.95717037,-0.10282959,5.83717,4.5571704,-1.9828296,-0.63282955,-0.1628296,2.4371703,4.4471703,4.54717,5.31717,5.83717,6.1871705,5.2171702,3.6171703,3.9571702,4.54717,4.2671704,3.9871702,5.02717
5.9671702,5.79717,5.5771704,6.25717,6.29717,6.60717,1.3471704,0.14717041,0.2871704,1.2171704,2.3971703,0.7271704,2.8471704,2.3971703,1.8271704,1.8871703,1.9271704,1.8671703,1.9071704,1.5171704,2.0871704,2.5671704,3.0271704,3.0271704,2.8771703,3.6571703,4.5171704,4.9971704,4.9671702,5.23717,5.14717,5.2671704,5.6371703,6.35717,6.8071704,7.68717,8.337171,8.46717,4.23717,-1.3528296,1.8671703,6.7271705,7.0371704,-0.8328296,0.08717041,3.2171702,0.9071704,3.4771702,4.0771704,4.35717,4.5971704,5.29717,5.23717,3.8871703,3.7071702,4.27717,4.1371703,4.5971704,5.25717
5.4971704,5.81717,5.4071703,5.83717,6.23717,6.0971704,6.16717,4.7671704,1.0671704,1.4271704,4.62717,2.6671703,2.8471704,0.6271704,-0.05282959,-0.81282955,-1.1928296,-0.55282956,0.02717041,-0.3328296,-0.80282956,-0.7928296,-0.45282957,0.70717037,1.6271703,2.2071702,2.9071703,3.4871702,3.9171703,4.27717,4.7671704,5.3071704,5.85717,5.8671703,6.2471704,6.68717,7.79717,9.72717,4.3971705,-2.8028295,1.5071703,6.4271703,7.25717,3.5771704,1.3371704,0.5571704,2.2671704,3.1871703,3.3371704,4.00717,4.1871705,4.1471705,4.4771705,4.6371703,4.3471704,4.25717,4.4671702,4.1571703,4.2471704
5.27717,5.4071703,5.33717,5.31717,5.4571705,5.1771703,5.52717,5.64717,5.31717,0.7971704,1.6271703,3.1071703,2.3571703,-0.23282959,-1.5128295,-1.5728296,-2.1128294,-2.5028296,-2.2728295,-1.4328295,-2.0128295,-2.9128296,-2.5828295,-1.4128295,-0.94282955,0.3871704,1.2671704,2.2871704,2.7871704,3.0971704,3.9971702,4.58717,4.9171705,5.0371704,5.0771704,5.8071704,6.8071704,7.8671703,7.70717,3.5671704,-1.8628296,4.04717,5.1571703,4.8471704,1.3471704,1.9371704,1.6571704,2.3571703,2.5871704,2.9471703,3.8371704,4.23717,4.60717,4.9271703,4.8871703,4.6871705,4.1471705,3.7071702,3.2371702
4.35717,4.9471703,5.2871704,5.4571705,5.4071703,5.4571705,5.8271704,6.04717,6.0771704,6.02717,7.4471703,8.31717,2.4571702,-2.8828294,-2.8628294,-1.3028295,-1.0528296,-1.1228296,-1.7328296,-2.2828295,-2.3728294,-2.2028296,-1.7928295,-1.8528296,-1.4828296,-1.3728296,0.11717041,1.2171704,1.5871704,2.6171703,3.6571703,3.6671703,4.04717,4.6571703,4.3871703,4.9571705,5.8071704,5.9971704,5.23717,2.8771703,2.3871703,2.9971704,3.3671703,2.8871703,2.5471704,1.9071704,1.8571703,1.9271704,2.0471704,1.8171704,2.1071703,3.1871703,4.3271704,4.9771705,4.9271703,4.2471704,4.4971704,4.31717,3.8971703
3.6171703,4.3471704,4.9371705,5.3071704,5.35717,5.4071703,5.60717,5.9971704,6.9671702,7.56717,8.547171,7.4971704,1.7571703,-0.7828296,-1.4128295,-1.7528296,-1.1928296,1.3671703,0.8271704,-1.2028296,-2.7828295,-3.4128294,0.14717041,1.4871703,0.01717041,-0.74282956,-0.3728296,1.5471704,2.9171703,2.6871703,3.4271703,4.48717,3.7571704,3.3971703,3.6471703,3.8371704,3.7171702,4.00717,3.7971704,3.3871703,3.0571704,2.7871704,1.6271703,1.2271703,2.3971703,1.2971704,1.2171704,1.5971704,1.7171704,1.2971704,0.9171704,1.7571703,4.25717,3.4071703,4.6971703,4.4571705,4.08717,4.3671703,4.9571705
3.4771702,3.4571702,3.6971703,4.0771704,4.4671702,4.4371705,4.77717,5.2171702,6.0571704,6.7871704,7.00717,6.7671704,8.24717,1.5071703,1.1771704,-0.8328296,1.9671704,3.5271704,3.3471704,3.2671704,-0.14282958,-1.7028296,0.1971704,-1.6628295,2.6071703,0.8271704,1.3571703,1.3671703,1.5671704,3.7771704,3.7871704,4.0971704,3.9871702,2.7771704,2.7471704,2.6771703,2.8271704,3.1871703,2.9971704,3.1271703,2.9671702,2.6871703,0.6471704,0.6371704,1.8471704,1.1571704,-0.5928296,0.4271704,1.0071704,0.3171704,0.08717041,1.1571704,3.4571702,5.4771705,5.12717,5.6771703,5.4771705,4.2471704,5.0371704
3.1771703,2.8971703,3.2571704,3.2871704,3.5671704,3.7171702,3.9771702,4.4971704,5.2871704,6.0171704,5.9271703,5.6371703,5.7471704,4.2871704,3.8471704,2.3371704,0.5471704,0.7571704,1.5671704,1.9171704,1.3971704,1.4571704,3.7671704,4.2871704,8.01717,-0.5428296,4.6171703,2.2171705,0.2571704,5.8071704,1.6771704,8.74717,0.097170405,0.7471704,1.8371704,1.5771704,1.6371703,2.5071704,3.3171704,2.1671703,2.2571704,2.1571703,1.5171704,-0.28282958,0.3971704,1.3071704,0.70717037,0.9671704,0.4871704,-1.1928296,-0.44282958,2.3871703,3.4971704,3.2971704,5.48717,5.37717,5.37717,5.2671704,5.02717
2.9471703,3.1471703,3.0371704,3.0471704,3.1871703,3.5271704,4.00717,4.1371703,4.9471703,5.4371705,5.1971703,5.5971704,5.4371705,5.0371704,4.7071705,3.5771704,2.1971703,2.5271704,3.8571703,3.6371703,2.1271703,3.2571704,3.3271704,2.8771703,3.1871703,0.6371704,1.2171704,1.1471704,1.6571704,5.64717,1.6471704,6.1571703,4.6171703,0.7371704,0.4871704,4.1471705,1.0471704,3.0371704,3.4271703,3.6271703,0.4771704,0.7271704,0.9171704,0.6871704,0.2171704,1.2471703,1.1971704,1.1771704,3.6271703,-0.1628296,0.3471704,-0.21282959,-1.2728295,0.5071704,5.9671702,5.0971704,4.54717,4.54717,4.6871705
2.1171703,2.5871704,2.7371705,2.8271704,2.9471703,3.2971704,3.6371703,3.8771703,4.3671703,4.9471703,4.77717,4.9171705,5.2071705,5.14717,5.2171702,4.8071704,5.04717,4.7871704,4.7871704,5.0771704,5.04717,5.10717,3.8071704,2.4371703,2.8971703,1.7271703,0.3971704,5.60717,-0.022829589,5.3271704,-0.15282959,0.95717037,6.06717,-0.07282959,1.2471703,2.4071703,1.6471704,0.6171704,2.6371703,2.3671703,1.4671704,0.5371704,1.0271704,2.2871704,2.3371704,2.6771703,1.5571704,0.4471704,0.7371704,0.9371704,-4.0728297,0.40717041,3.8471704,3.1471703,1.9771703,3.7671704,3.5271704,3.4271703,3.1871703
1.2971704,1.7571703,1.8971704,2.2371705,2.7171702,3.4171703,3.9171703,4.08717,4.10717,4.58717,4.2671704,4.2171702,4.5371704,4.6871705,4.79717,4.9771705,5.0771704,4.4171705,4.60717,4.6971703,4.6971703,4.7071705,4.6671705,3.9371703,4.29717,4.06717,3.6371703,2.9671702,3.0171704,3.2571704,3.7971704,4.8271704,5.89717,6.0971704,0.5971704,0.8671704,4.7671704,5.1571703,-0.62282956,2.4171703,1.3771703,1.8071704,1.0771704,1.6771704,1.5371704,2.1471703,0.7171704,-0.6428296,1.9271704,1.8271704,1.7471703,-0.4028296,-1.1228296,0.6571704,1.8571703,2.4171703,2.4371703,2.4871705,2.1771703
