data/wind-global.json
{"header": {"parameterCategory": 2, "parameterNumber": 3, "lo1": 90.0, "la1": 8.0, "dx": 0.5, "dy": 0.5, "nx": 105, "ny": 45, "refTime": "2023-08-15T12:00:00Z"}, "data":
[rows 0 to 24 of 45, columns 0 to 57 of 105]
-0.07638183,1.5336181,-0.47638184,-0.23638183,-1.2063818,-0.58638185,-0.8863818,-2.7463818,-3.7963817,-2.116382,-4.896382,-4.916382,-4.646382,-3.7963817,-3.0463817,-2.8063817,-0.9363818,0.7636182,0.45361814,0.91361815,1.5936182,0.38361815,-1.1763818,-0.14638184,-0.6363818,-0.47638184,-0.046381835,0.19361816,0.83361816,0.46361816,0.45361814,-0.27638182,0.43361816,-1.2163818,-0.24638183,1.1036181,3.643618,3.0336182,1.9236181,0.6236181,-0.19638184,-0.8063818,-1.7363818,-2.4263818,-1.9463818,2.5536182,-1.5063818,-0.24638183,2.683618,3.183618,1.7236181,-0.35638183,-2.4563818,-0.6863818,-0.17638183,-0.07638183,-1.0163819,-2.1763818
-0.47638184,-0.15638183,0.85361814,0.44361815,-0.46638182,-0.3763818,-1.0063819,-1.2163818,-3.7863817,-4.6963816,-4.896382,-6.0063815,-5.1363816,-4.106382,-4.276382,-3.8163817,-2.8763819,-1.2163818,-0.5763818,0.44361815,1.1236181,-0.17638183,-1.1763818,-0.036381837,-0.20638183,-0.7763818,0.033618163,0.89361817,0.8836181,0.83361816,0.33361816,-0.60638183,-0.6463818,0.18361816,-0.15638183,0.41361815,1.0936182,1.4636182,1.0136181,-0.9963818,-0.71638185,-0.38638183,-0.24638183,-0.71638185,-0.5163818,0.22361816,2.6136181,3.413618,3.013618,3.663618,1.3436182,1.1336181,-3.2263818,-1.2363818,-0.19638184,-0.35638183,-1.8963817,-1.3463818
-1.7763819,-1.2063818,1.0536182,0.60361814,0.58361816,-0.54638183,-0.9963818,-0.53638184,-1.4463818,-3.6963818,-2.8763819,-4.706382,-5.1163816,-4.336382,-4.4663815,-5.206382,-4.606382,-3.0563817,-1.7163818,-0.6863818,-0.35638183,-0.23638183,-1.0563818,-0.24638183,-0.07638183,0.17361815,0.84361815,0.6336182,1.1036181,1.0036181,-0.006381836,-0.72638184,-0.9463818,-0.52638185,-1.0063819,-0.7763818,-0.38638183,0.28361815,-0.08638184,-0.9963818,-0.14638184,0.27361816,-0.52638185,-0.39638183,0.21361816,-0.16638184,0.74361813,1.5736182,-0.14638184,-1.3763818,-1.4263818,3.203618,2.503618,-1.1563818,-1.9663818,-1.4263818,0.80361813,-1.2663819
-7.0163817,-6.7663817,-6.6763816,-7.626382,-8.0263815,-8.336382,-8.086382,-7.8863816,-7.3463817,-7.0063815,-7.186382,-7.2963815,-7.2463818,-7.476382,-6.726382,-6.8063817,-7.0763817,-6.896382,-7.0063815,-6.7563815,-6.9663815,-6.7163815,-6.226382,-5.836382,-5.6163816,-5.876382,-5.5963817,-5.2563815,-5.876382,-5.976382,-5.7863817,-5.836382,-5.726382,-5.7663817,-5.6163816,-5.4663815,-5.4263816,-5.2163815,-5.5263815,-7.5963817,-1.9863818,-1.1263818,-4.7463818,-5.0763817,-4.206382,-6.5363817,-6.8063817,-6.956382,-2.8063817,-2.0363817,-4.9663815,-4.686382,-4.7563815,-3.9763818,-3.9663818,-3.9563818,-4.5363817,-4.976382
-6.8463817,-6.6163816,-6.726382,-8.046382,-7.956382,-8.256382,-8.046382,-7.706382,-7.436382,-7.5263815,-7.5463815,-7.3463817,-7.0063815,-7.2763815,-6.8063817,-6.8463817,-7.0963817,-7.2663817,-7.166382,-6.626382,-7.186382,-7.186382,-7.1163816,-6.836382,-6.436382,-6.1963816,-5.956382,-5.6363816,-6.0963817,-6.166382,-6.0563817,-5.7363815,-5.666382,-5.5763817,-5.2763815,-5.0763817,-5.4863815,-5.7463818,-6.166382,-6.7463818,-6.5663815,-5.6963816,-5.816382,-5.8263817,-5.836382,-5.9963818,-6.6363816,-8.226381,-7.856382,-6.686382,-5.546382,-4.8463817,-4.4263816,-3.8963819,-3.6963818,-3.5463817,-3.7363818,-3.8763816
-6.7563815,-6.6763816,-7.456382,-8.356381,-8.216382,-7.856382,-7.9663815,-7.9063816,-7.5763817,-7.936382,-8.216382,-8.176382,-7.726382,-7.3863816,-7.146382,-6.8663816,-7.1763816,-6.936382,-6.9463816,-7.0463815,-6.8463817,-7.206382,-7.1363816,-6.7463818,-6.956382,-7.0063815,-6.956382,-6.726382,-6.416382,-6.6963816,-6.3863816,-5.916382,-5.7863817,-5.566382,-5.476382,-4.7563815,-5.936382,-5.566382,-5.9663815,-6.666382,-6.396382,-6.186382,-6.356382,-6.0963817,-6.106382,-6.4263816,-6.7763815,-6.666382,-6.6163816,-5.9463816,-4.876382,-4.2863817,-4.046382,-3.8463817,-3.5763817,-3.0863817,-2.6863818,-1.7463818
-6.606382,-6.8463817,-7.5963817,-7.7163815,-7.7463818,-7.686382,-7.8063817,-8.306381,-7.9663815,-7.896382,-8.046382,-7.9463816,-8.306381,-7.976382,-7.8463817,-7.436382,-7.3463817,-6.9963818,-6.7663817,-6.7363815,-6.6363816,-6.7863817,-7.1363816,-6.9463816,-6.8263817,-6.7963815,-7.226382,-7.206382,-6.8063817,-6.5163817,-6.6763816,-6.5963817,-6.1963816,-5.9963818,-5.5963817,-5.5363817,-6.0163817,-5.6763816,-6.086382,-6.106382,-5.8663816,-5.7663817,-5.896382,-5.896382,-5.7863817,-5.8863816,-5.7563815,-5.686382,-5.4663815,-4.9963818,-4.336382,-3.7563818,-3.5263817,-2.9863818,-2.9563818,-2.4663818,-1.0463818,0.24361816
-8.266381,-7.6563816,-7.3163815,-7.1763816,-7.5863814,-7.876382,-8.126382,-8.606381,-8.316381,-8.476381,-8.446382,-8.196382,-7.896382,-8.506382,-8.296382,-7.606382,-7.5063815,-7.416382,-7.1163816,-6.9263816,-6.336382,-6.5263815,-6.2963815,-6.586382,-6.8863816,-6.646382,-6.9663815,-6.646382,-6.416382,-6.0963817,-6.5563817,-6.3663816,-6.1963816,-5.646382,-5.666382,-6.0363817,-5.7563815,-5.566382,-6.066382,-5.606382,-5.5563817,-5.476382,-5.106382,-5.146382,-5.1763816,-5.046382,-4.7663817,-4.436382,-4.126382,-3.7663817,-3.3663816,-2.9163818,-3.0363817,-2.6463819,-1.5763818,-0.72638184,1.0136181,1.8436182
-9.536382,-9.466382,-9.326382,-9.236382,-8.896381,-9.156382,-8.956382,-8.936381,-9.016381,-9.246382,-9.236382,-9.226381,-8.946382,-8.976381,-8.766381,-8.356381,-7.9663815,-8.016381,-7.376382,-7.0763817,-6.9863815,-6.4963818,-6.1963816,-6.416382,-5.7163815,-6.1563816,-6.5263815,-6.3463817,-6.206382,-6.0263815,-5.356382,-5.566382,-5.6363816,-5.376382,-5.436382,-5.2163815,-4.916382,-5.316382,-5.296382,-5.0063815,-4.7163815,-4.5363817,-4.4263816,-4.4463816,-4.476382,-4.146382,-3.8263817,-3.3163817,-2.6663818,-2.2463818,-1.9663818,-1.7263818,-1.8963817,-1.8963817,-1.0663818,0.9336181,2.5236182,3.183618
-9.506382,-9.486382,-9.616382,-9.726381,-9.606381,-9.7763815,-9.466382,-9.316381,-9.166382,-9.306381,-9.516381,-9.126382,-9.186381,-8.926382,-8.916382,-8.946382,-8.176382,-7.8063817,-7.2663817,-6.7863817,-6.586382,-6.2663817,-6.4263816,-6.2563815,-5.8663816,-5.296382,-5.4663815,-5.106382,-5.2863817,-5.5063815,-5.086382,-4.6563816,-5.0163817,-4.976382,-4.7563815,-4.5063815,-4.4463816,-4.3463817,-4.476382,-4.396382,-4.146382,-3.8563817,-3.9463818,-3.6563818,-3.5463817,-3.1063817,-2.5363817,-2.0263817,-1.1263818,-0.40638182,-0.48638183,-0.7463818,-0.6863818,-1.1963818,-0.52638185,1.8436182,3.773618,3.203618
-9.686381,-9.086382,-8.986382,-8.836382,-9.446382,-9.306381,-9.616382,-9.386382,-9.236382,-8.816381,-8.596381,-9.0263815,-8.886382,-8.076382,-7.9863815,-7.3663816,-7.4963818,-7.3263817,-7.0463815,-6.5963817,-6.2863817,-6.166382,-5.9663815,-5.5563817,-5.7363815,-5.5763817,-5.1763816,-4.3863816,-4.396382,-4.586382,-4.4063816,-4.3463817,-4.1363816,-4.126382,-4.1163816,-3.9363818,-3.4963818,-3.4663818,-3.6763818,-3.7163818,-3.4763818,-3.3663816,-2.9163818,-2.8163817,-2.5863817,-1.9563818,-1.3163818,-0.016381836,1.3036182,1.1536181,0.70361817,0.10361816,0.61361814,0.61361814,0.31361815,2.0536182,3.1036181,4.133618
-9.306381,-9.226381,-8.456382,-8.306381,-8.566381,-8.906382,-8.946382,-9.126382,-8.986382,-8.546382,-8.286382,-8.086382,-7.9263816,-7.896382,-6.8863816,-5.7663817,-6.3263817,-6.1163816,-6.2763815,-6.336382,-5.6363816,-5.8463817,-5.7363815,-5.2163815,-4.8263817,-4.646382,-4.6363816,-4.4663815,-3.9063818,-3.5063818,-3.1263819,-3.3663816,-3.4063818,-3.2963817,-2.9963818,-2.8463817,-2.8563817,-2.6663818,-2.7463818,-2.7063818,-2.5863817,-2.4463818,-2.2463818,-1.7163818,-1.1263818,-0.60638183,0.31361815,2.233618,2.733618,2.5636182,2.003618,1.2936181,0.47361815,1.8436182,1.3336182,2.3336182,3.3236182,4.073618
-1.3563818,-2.8163817,-0.8163818,0.67361814,1.1436181,0.41361815,-0.78638184,-1.3063818,-1.2863818,-1.5363818,-4.1763816,-1.3563818,-1.2263818,-3.6463819,-2.1563818,-7.9863815,-5.5563817,-4.4963818,-3.6463819,-3.6163816,-2.8063817,-1.4063818,-1.0563818,-0.41638184,-0.7063818,-0.33638182,0.55361813,0.70361817,0.65361816,0.64361817,0.80361813,-0.7463818,-0.6363818,0.053618163,0.44361815,1.2236181,0.43361816,-0.23638183,-0.056381837,-0.58638185,-0.8163818,-1.3663818,-0.48638183,-1.9563818,-2.8963819,-2.7663817,-2.0063818,-1.5663818,-2.096382,-1.4163818,-0.11638183,1.2436181,0.32361814,-2.4663818,-2.8163817,-2.2163818,4.063618,-0.066381834
-2.4963818,-2.5163817,-3.116382,-0.48638183,0.9436181,1.0436181,0.55361813,-1.1063818,-1.2463818,-1.9263818,-2.0863817,-2.1263819,-1.5463818,-2.4963818,-5.0363817,-4.3463817,-4.416382,-5.546382,-5.5263815,-5.876382,-6.3263817,-1.4563818,-0.71638185,-0.23638183,-1.2563818,-0.31638184,-0.006381836,0.40361816,0.8736181,1.2136182,0.6836181,-0.97638184,0.44361815,0.71361816,1.0836182,1.8536181,1.5736182,1.6336181,0.6936181,-0.66638184,-0.40638182,-0.26638183,-0.6763818,-0.006381836,-4.046382,-3.6063817,-3.4563818,-3.1863818,-3.0163817,-3.1763818,-2.866382,-0.9363818,3.973618,3.143618,-4.476382,-2.9663818,-4.126382,-3.6263819
-3.1263819,-1.2563818,-2.2963817,-2.2163818,-0.026381835,1.7336181,1.2536181,-1.2963818,-1.3763818,-2.3163817,-2.4563818,-2.1863818,-2.2363818,-1.8863817,-6.4263816,-5.976382,-2.1263819,-6.4863815,-6.856382,-6.5363817,-6.396382,-6.4963818,-2.5063818,-4.956382,-0.85638183,-0.8163818,-1.5263819,-0.38638183,0.013618164,-0.7363818,-1.0963818,-1.4463818,0.92361814,-1.1563818,-0.10638183,1.3836181,1.3836181,0.92361814,-0.91638184,-0.90638185,0.053618163,-0.8663818,0.89361817,-0.7563818,-0.7663818,-2.6263819,-4.666382,-4.2663817,-4.206382,-4.2863817,-4.2663817,-3.5063818,-1.8063818,0.23361816,-3.3063817,-4.1163816,-4.166382,-0.8063818
-3.4863818,-2.5663817,-2.7463818,-1.9963818,-2.4363818,0.77361816,1.2036182,0.65361816,-1.3663818,-2.2663817,-2.4463818,-1.9063818,-4.3663816,-4.316382,-5.8463817,-6.7463818,-6.376382,-6.936382,-7.166382,-6.5063815,-5.8063817,-6.8863816,-6.646382,-6.9063816,-4.2663817,-5.476382,-4.9663815,-5.1563816,-5.0763817,-2.9663818,-1.7063818,-0.12638183,-0.41638184,-1.9963818,-1.1763818,0.92361814,0.5636181,0.72361815,0.07361816,-0.17638183,-0.8163818,0.16361816,-1.8663818,0.5136182,-0.6263818,-4.3863816,-5.5163817,-4.916382,-5.0963817,-5.2563815,-5.6963816,-5.9663815,-6.6163816,-1.2463818,-0.31638184,-5.2563815,-4.1763816,-4.206382
-3.9063818,-3.3063817,-3.4163818,-2.2963817,-3.9263818,-1.7663817,0.31361815,-0.18638183,-0.036381837,-2.5763817,-3.8463817,-2.4163818,-4.7663817,-4.526382,-5.2663817,-6.066382,-6.7963815,-6.7763815,-7.2663817,-6.8463817,-6.5363817,-6.6563816,-7.166382,-6.7363815,-6.5063815,-6.0063815,-5.7963815,-5.936382,-6.6563816,-5.9663815,-3.4163818,-4.606382,-4.1363816,-3.9163818,-2.616382,-1.7563818,-1.8063818,-0.8063818,0.97361815,-0.096381836,-2.0163817,-1.7963818,0.28361815,-1.0663818,-0.85638183,-0.71638185,-2.8563817,-4.816382,-5.976382,-6.0763817,-6.1963816,-6.4463816,-8.516381,-7.896382,-6.1163816,-5.876382,-6.396382,-5.3663816
-4.376382,-3.9763818,-3.7763817,-3.2663817,-4.4463816,-5.0763817,-2.5963817,0.14361817,1.0336181,-2.366382,-3.4663818,-2.8163817,-4.0063815,-4.226382,-4.3063817,-4.9863815,-6.5063815,-7.0763817,-6.8163815,-6.7763815,-7.356382,-6.956382,-7.226382,-6.7563815,-6.5963817,-6.666382,-6.5563817,-6.4263816,-6.5363817,-6.5563817,-6.3663816,-5.1963816,-4.7763815,-4.7763815,-4.436382,-3.9463818,-2.8063817,-1.6463819,1.3336182,0.26361817,-0.38638183,-1.8063818,-2.346382,-3.1863818,-1.3663818,-6.7863817,-1.9163818,-5.6963816,-6.5763817,-6.5963817,-7.0763817,-7.0163817,-7.2563815,-7.106382,-6.5563817,-6.586382,-6.376382,-5.7463818
-4.816382,-4.4963818,-4.416382,-4.626382,-4.5563817,-5.046382,-4.816382,-5.646382,-0.19638184,1.1536181,-0.28638184,-1.4463818,-1.7463818,-2.8863819,-3.2963817,-4.2663817,-5.896382,-6.956382,-6.476382,-6.5463815,-7.126382,-6.706382,-6.9263816,-7.0563817,-7.0063815,-7.5963817,-7.2363815,-6.876382,-6.6563816,-6.4963818,-5.726382,-5.5163817,-4.686382,-4.8463817,-5.1763816,-4.8663816,-4.2363815,-4.0963817,-2.5963817,-1.5663818,-0.6863818,-4.146382,-5.9263816,-4.8463817,-6.9963818,-3.0863817,-4.146382,-6.9663815,-7.0263815,-7.1563816,-7.4463816,-7.396382,-7.3663816,-6.956382,-6.5363817,-6.4463816,-6.2163815,-6.146382
-5.066382,-4.9663815,-5.1763816,-5.0363817,-5.206382,-5.0563817,-5.0563817,-4.7363815,-4.546382,-0.52638185,0.77361816,2.5636182,3.483618,0.7636182,-1.7663817,-2.9863818,-4.8063817,-5.4863815,-6.1163816,-5.8463817,-5.6963816,-5.8463817,-6.4263816,-7.5863814,-8.056381,-7.4663815,-7.2363815,-6.7463818,-6.646382,-6.396382,-5.7363815,-5.4063816,-5.126382,-5.3263817,-5.2863817,-5.6363816,-6.0063815,-6.2363815,-8.906382,-5.5063815,-2.106382,-5.1963816,-7.2363815,-8.976381,-6.2163815,-5.9963818,-6.186382,-7.4663815,-7.5563817,-7.8863816,-7.8163815,-7.856382,-7.5963817,-7.0963817,-6.0963817,-5.336382,-5.876382,-5.2363815
-5.7563815,-5.3263817,-4.856382,-5.296382,-5.476382,-5.8063817,-5.566382,-5.0763817,-4.5163817,-3.7263818,-2.8363817,-2.9863818,2.773618,1.3936181,0.60361814,-2.7863817,-4.4263816,-5.2163815,-4.606382,-4.7663817,-4.296382,-4.3663816,-5.456382,-7.4263816,-7.916382,-7.4963818,-7.456382,-7.206382,-6.7863817,-6.336382,-6.066382,-5.3263817,-5.126382,-5.7763815,-5.646382,-5.9863815,-6.2763815,-6.1363816,-7.0463815,-6.666382,-5.896382,-5.106382,-6.956382,-7.9463816,-7.5563817,-7.1363816,-7.4463816,-7.5063815,-7.7463818,-8.126382,-8.756382,-8.656382,-8.106381,-7.1163816,-6.5763817,-5.5563817,-4.7463818,-4.4263816
-6.226382,-5.686382,-5.4063816,-5.646382,-5.8663816,-5.686382,-5.7563815,-5.416382,-5.166382,-5.316382,-5.726382,-3.3763819,1.2536181,0.13361816,-0.29638183,-0.46638182,-0.97638184,-4.1763816,-3.0863817,-2.3163817,-2.7063818,-3.2963817,-2.4663818,-5.686382,-6.4463816,-7.6363816,-7.9463816,-7.5063815,-6.586382,-5.4663815,-6.2363815,-5.066382,-4.6163816,-5.0963817,-6.0363817,-5.896382,-6.066382,-5.856382,-5.6963816,-5.7363815,-6.086382,-5.706382,-6.2963815,-6.9663815,-6.2363815,-6.7163815,-7.3663816,-7.3363814,-7.206382,-7.2463818,-8.546382,-9.736382,-8.146381,-7.0463815,-6.1963816,-5.4863815,-4.9963818,-4.8263817
-6.356382,-6.1763816,-6.336382,-6.2663817,-6.2563815,-6.5163817,-6.0263815,-5.9463816,-6.0363817,-5.706382,-6.4063816,-6.7763815,-6.976382,-2.9063818,0.9336181,0.9336181,-0.6763818,1.3436182,1.2636181,-0.32638183,-0.7563818,0.5136182,0.6336182,-1.7063818,-2.1663818,-2.8163817,-1.4263818,-3.6063817,-4.8663816,-6.186382,-5.666382,-3.1963818,-3.3563817,-3.8763816,-4.5363817,-4.9663815,-5.7563815,-5.936382,-5.6363816,-5.3863816,-5.836382,-5.8463817,-5.726382,-5.4863815,-6.4963818,-5.956382,-5.126382,-5.5963817,-5.816382,-5.816382,-7.206382,-9.806381,-10.176382,-6.7763815,-5.7563815,-6.0463815,-5.186382,-4.026382
-6.336382,-6.456382,-6.476382,-6.8263817,-6.7163815,-6.666382,-6.5363817,-6.4963818,-6.5763817,-6.1763816,-5.7563815,-6.686382,-7.4063816,-7.8263817,-7.1763816,-2.7963817,-1.5263819,0.15361816,-1.8563818,-0.6763818,-0.6463818,2.0436182,3.8736181,1.5836182,-0.8663818,-1.6463819,-8.516381,-3.6963818,-7.0163817,-4.026382,-4.316382,-5.3063817,-2.4763818,-2.5363817,-3.8063817,-4.0063815,-5.2363815,-5.8063817,-4.936382,-4.896382,-5.2163815,-5.0263815,-5.2163815,-5.3663816,-5.086382,-6.1763816,-5.9263816,-4.3663816,-3.0863817,-2.7963817,-2.4563818,0.5136182,-1.7363818,-3.0863817,-4.4663815,-6.0263815,-5.5163817,-5.4863815
-6.7163815,-6.6163816,-6.686382,-6.8163815,-6.456382,-6.5263815,-6.7663817,-6.7963815,-7.0063815,-6.456382,-6.2363815,-6.6963816,-7.5963817,-7.666382,-8.086382,-7.856382,-5.9063816,-4.6963816,-5.226382,-4.9063816,-4.126382,-2.2863817,-1.2163818,-1.7663817,1.7736181,0.29361814,-0.28638184,0.60361814,-0.31638184,3.473618,3.3336182,-2.4463818,-0.32638183,-2.1863818,-2.0863817,-3.7163818,-4.126382,-4.7163815,-2.4363818,0.39361817,-3.0863817,-3.7063818,-3.8763816,-3.5063818,-2.7363818,-2.3863819,-3.3363817,-2.5663817,-1.2263818,-4.106382,-0.12638183,-8.326382,-7.0063815,-5.5263815,-5.6563816,-5.436382,-4.896382,-6.146382
